{
 "cells": [
  {
   "cell_type": "code",
   "execution_count": 24,
   "metadata": {},
   "outputs": [],
   "source": [
    "import pandas as pd\n",
    "import numpy as np\n",
    "import matplotlib.pyplot as plt\n",
    "plt.rcParams[\"figure.figsize\"] = (20,10)\n",
    "pd.set_option('max_columns', 15, 'max_rows', 30, 'display.precision', 4)"
   ]
  },
  {
   "cell_type": "code",
   "execution_count": 25,
   "metadata": {},
   "outputs": [],
   "source": [
    "result = pd.read_csv('../cookbook_data/owndata/prices_cleandf2802.csv', index_col=0)\n",
    "result_cmp = result.copy()"
   ]
  },
  {
   "cell_type": "markdown",
   "metadata": {},
   "source": [
    "##### Notice: GBPJPY, GBPCAD, EURJPY, USDJPY, AUDJPY, NZDJPY"
   ]
  },
  {
   "cell_type": "code",
   "execution_count": 26,
   "metadata": {},
   "outputs": [],
   "source": [
    "quote = r'GBP'\n",
    "filter_quote = result_cmp[result_cmp.index.str.contains(quote + r'(?!$)')]\n",
    "filter_quote = filter_quote.apply(pd.to_numeric)"
   ]
  },
  {
   "cell_type": "code",
   "execution_count": 27,
   "metadata": {},
   "outputs": [],
   "source": [
    "# filter_quote"
   ]
  },
  {
   "cell_type": "code",
   "execution_count": 28,
   "metadata": {},
   "outputs": [],
   "source": [
    "# filter_quote = result.copy()"
   ]
  },
  {
   "cell_type": "code",
   "execution_count": 29,
   "metadata": {},
   "outputs": [],
   "source": [
    "# price_filter = filter_quote.loc[:, ['Short_Price', 'Long_Price', 'Current_Price']]\n",
    "# num_chart = len(price_filter)\n",
    "# # fig, axs = plt.subplots(num_chart)\n",
    "# for i in range(num_chart):\n",
    "#     plt.figure(figsize=(10, 6), dpi=120)\n",
    "#     plt.axhline(y=price_filter.iloc[i].Short_Price, color='r', linestyle='-', label=\"Short_Price\")\n",
    "#     plt.axhline(y=price_filter.iloc[i].Long_Price, color='g', linestyle='--', label=\"Long_Price\")\n",
    "#     plt.axhline(y=price_filter.iloc[i].Current_Price, color='b', linestyle=':', label=\"Current_Price\")\n",
    "#     plt.legend(loc=4, prop={'size': 16}, title=price_filter.iloc[i].name)\n",
    "#     plt.show()"
   ]
  },
  {
   "cell_type": "code",
   "execution_count": 30,
   "metadata": {},
   "outputs": [],
   "source": [
    "# price_filter.iloc[0].name"
   ]
  },
  {
   "cell_type": "code",
   "execution_count": 31,
   "metadata": {},
   "outputs": [],
   "source": [
    "# price_filter.iloc[0].plot()\n",
    "# type(price_filter.iloc[0].Short_Price)\n",
    "\n",
    "# plt.axhline(y=price_filter.iloc[0].Short_Price, color='r', linestyle='-', label=\"Short_Price\")\n",
    "# plt.axhline(y=price_filter.iloc[0].Long_Price, color='g', linestyle='--', label=\"Long_Price\")\n",
    "# plt.axhline(y=price_filter.iloc[0].Current_Price, color='b', linestyle=':', label=\"Current_Price\")\n",
    "# plt.legend(loc=2, prop={'size': 16}, title=price_filter.iloc[0].name)\n",
    "# plt.show()"
   ]
  },
  {
   "cell_type": "code",
   "execution_count": 32,
   "metadata": {},
   "outputs": [],
   "source": [
    "# filter_quote = result.copy()"
   ]
  },
  {
   "cell_type": "code",
   "execution_count": 33,
   "metadata": {},
   "outputs": [
    {
     "data": {
      "text/plain": [
       "Short_Distance      -55.0000\n",
       "Long_Distance      -248.8333\n",
       "Relative_SL          -0.3608\n",
       "RelativePrice_SL      0.9811\n",
       "Combine_Rel           0.2210\n",
       "dtype: float64"
      ]
     },
     "execution_count": 33,
     "metadata": {},
     "output_type": "execute_result"
    }
   ],
   "source": [
    "sr = filter_quote.loc[:, ('Short_Distance', 'Long_Distance', 'Relative_SL', 'RelativePrice_SL')].mean()\n",
    "sr['Combine_Rel'] = sr['Short_Distance'] / sr['Long_Distance']\n",
    "sr"
   ]
  },
  {
   "cell_type": "code",
   "execution_count": 34,
   "metadata": {},
   "outputs": [],
   "source": [
    "# sr['Combine_Rel']"
   ]
  },
  {
   "cell_type": "code",
   "execution_count": 35,
   "metadata": {},
   "outputs": [],
   "source": [
    "filter_quote['Bed_av'] = filter_quote.Short_Distance.div(sr['Short_Distance'])\n",
    "filter_quote['Bud_av'] = filter_quote.Long_Distance.div(sr['Long_Distance'])\n",
    "filter_quote['Rel_avg'] = filter_quote.Relative_SL.div(sr['Relative_SL'])\n",
    "\n",
    "filter_quote['Rel_com_avg'] = filter_quote.Relative_SL.div(sr['Combine_Rel'])\n",
    "\n",
    "filter_quote['Rel_p_avg'] = filter_quote.RelativePrice_SL.div(sr['RelativePrice_SL'])"
   ]
  },
  {
   "cell_type": "code",
   "execution_count": 36,
   "metadata": {},
   "outputs": [],
   "source": [
    "filter_quote = filter_quote.head(10)"
   ]
  },
  {
   "cell_type": "code",
   "execution_count": 37,
   "metadata": {},
   "outputs": [
    {
     "data": {
      "text/html": [
       "<div>\n",
       "<style scoped>\n",
       "    .dataframe tbody tr th:only-of-type {\n",
       "        vertical-align: middle;\n",
       "    }\n",
       "\n",
       "    .dataframe tbody tr th {\n",
       "        vertical-align: top;\n",
       "    }\n",
       "\n",
       "    .dataframe thead th {\n",
       "        text-align: right;\n",
       "    }\n",
       "</style>\n",
       "<table border=\"1\" class=\"dataframe\">\n",
       "  <thead>\n",
       "    <tr style=\"text-align: right;\">\n",
       "      <th></th>\n",
       "      <th>Short_Price</th>\n",
       "      <th>Short_Distance</th>\n",
       "      <th>Long_Price</th>\n",
       "      <th>Long_Distance</th>\n",
       "      <th>Current_Price</th>\n",
       "      <th>Relative_SL</th>\n",
       "      <th>RelativePrice_SL</th>\n",
       "      <th>Bed_av</th>\n",
       "      <th>Bud_av</th>\n",
       "      <th>Rel_avg</th>\n",
       "      <th>Rel_com_avg</th>\n",
       "      <th>Rel_p_avg</th>\n",
       "    </tr>\n",
       "    <tr>\n",
       "      <th>Symbol</th>\n",
       "      <th></th>\n",
       "      <th></th>\n",
       "      <th></th>\n",
       "      <th></th>\n",
       "      <th></th>\n",
       "      <th></th>\n",
       "      <th></th>\n",
       "      <th></th>\n",
       "      <th></th>\n",
       "      <th></th>\n",
       "      <th></th>\n",
       "      <th></th>\n",
       "    </tr>\n",
       "  </thead>\n",
       "  <tbody>\n",
       "    <tr>\n",
       "      <th>GBPJPY</th>\n",
       "      <td>152.6375</td>\n",
       "      <td>-415</td>\n",
       "      <td>154.9002</td>\n",
       "      <td>189</td>\n",
       "      <td>156.7900</td>\n",
       "      <td>-2.1958</td>\n",
       "      <td>0.9854</td>\n",
       "      <td>7.5455</td>\n",
       "      <td>-0.7595</td>\n",
       "      <td>6.0863</td>\n",
       "      <td>-9.9342</td>\n",
       "      <td>1.0044</td>\n",
       "    </tr>\n",
       "    <tr>\n",
       "      <th>GBPCAD</th>\n",
       "      <td>1.6657</td>\n",
       "      <td>82</td>\n",
       "      <td>1.6917</td>\n",
       "      <td>-342</td>\n",
       "      <td>1.6575</td>\n",
       "      <td>-0.2398</td>\n",
       "      <td>0.9846</td>\n",
       "      <td>-1.4909</td>\n",
       "      <td>1.3744</td>\n",
       "      <td>0.6646</td>\n",
       "      <td>-1.0848</td>\n",
       "      <td>1.0036</td>\n",
       "    </tr>\n",
       "    <tr>\n",
       "      <th>GBPUSD</th>\n",
       "      <td>1.3098</td>\n",
       "      <td>-55</td>\n",
       "      <td>1.3348</td>\n",
       "      <td>-195</td>\n",
       "      <td>1.3153</td>\n",
       "      <td>0.2821</td>\n",
       "      <td>0.9813</td>\n",
       "      <td>1.0000</td>\n",
       "      <td>0.7837</td>\n",
       "      <td>-0.7818</td>\n",
       "      <td>1.2761</td>\n",
       "      <td>1.0002</td>\n",
       "    </tr>\n",
       "    <tr>\n",
       "      <th>GBPNZD</th>\n",
       "      <td>1.9120</td>\n",
       "      <td>55</td>\n",
       "      <td>1.9526</td>\n",
       "      <td>-461</td>\n",
       "      <td>1.9065</td>\n",
       "      <td>-0.1193</td>\n",
       "      <td>0.9792</td>\n",
       "      <td>-1.0000</td>\n",
       "      <td>1.8526</td>\n",
       "      <td>0.3307</td>\n",
       "      <td>-0.5398</td>\n",
       "      <td>0.9981</td>\n",
       "    </tr>\n",
       "    <tr>\n",
       "      <th>GBPAUD</th>\n",
       "      <td>1.7836</td>\n",
       "      <td>52</td>\n",
       "      <td>1.8246</td>\n",
       "      <td>-462</td>\n",
       "      <td>1.7784</td>\n",
       "      <td>-0.1126</td>\n",
       "      <td>0.9775</td>\n",
       "      <td>-0.9455</td>\n",
       "      <td>1.8567</td>\n",
       "      <td>0.3120</td>\n",
       "      <td>-0.5092</td>\n",
       "      <td>0.9964</td>\n",
       "    </tr>\n",
       "    <tr>\n",
       "      <th>GBPCHF</th>\n",
       "      <td>1.2229</td>\n",
       "      <td>-49</td>\n",
       "      <td>1.2500</td>\n",
       "      <td>-222</td>\n",
       "      <td>1.2278</td>\n",
       "      <td>0.2207</td>\n",
       "      <td>0.9783</td>\n",
       "      <td>0.8909</td>\n",
       "      <td>0.8922</td>\n",
       "      <td>-0.6118</td>\n",
       "      <td>0.9986</td>\n",
       "      <td>0.9972</td>\n",
       "    </tr>\n",
       "  </tbody>\n",
       "</table>\n",
       "</div>"
      ],
      "text/plain": [
       "        Short_Price  Short_Distance  Long_Price  Long_Distance  Current_Price  \\\n",
       "Symbol                                                                          \n",
       "GBPJPY     152.6375            -415    154.9002            189       156.7900   \n",
       "GBPCAD       1.6657              82      1.6917           -342         1.6575   \n",
       "GBPUSD       1.3098             -55      1.3348           -195         1.3153   \n",
       "GBPNZD       1.9120              55      1.9526           -461         1.9065   \n",
       "GBPAUD       1.7836              52      1.8246           -462         1.7784   \n",
       "GBPCHF       1.2229             -49      1.2500           -222         1.2278   \n",
       "\n",
       "        Relative_SL  RelativePrice_SL  Bed_av  Bud_av  Rel_avg  Rel_com_avg  \\\n",
       "Symbol                                                                        \n",
       "GBPJPY      -2.1958            0.9854  7.5455 -0.7595   6.0863      -9.9342   \n",
       "GBPCAD      -0.2398            0.9846 -1.4909  1.3744   0.6646      -1.0848   \n",
       "GBPUSD       0.2821            0.9813  1.0000  0.7837  -0.7818       1.2761   \n",
       "GBPNZD      -0.1193            0.9792 -1.0000  1.8526   0.3307      -0.5398   \n",
       "GBPAUD      -0.1126            0.9775 -0.9455  1.8567   0.3120      -0.5092   \n",
       "GBPCHF       0.2207            0.9783  0.8909  0.8922  -0.6118       0.9986   \n",
       "\n",
       "        Rel_p_avg  \n",
       "Symbol             \n",
       "GBPJPY     1.0044  \n",
       "GBPCAD     1.0036  \n",
       "GBPUSD     1.0002  \n",
       "GBPNZD     0.9981  \n",
       "GBPAUD     0.9964  \n",
       "GBPCHF     0.9972  "
      ]
     },
     "execution_count": 37,
     "metadata": {},
     "output_type": "execute_result"
    }
   ],
   "source": [
    "filter_quote.sort_values(by='Bed_av', ascending=False, key=abs)"
   ]
  },
  {
   "cell_type": "code",
   "execution_count": 38,
   "metadata": {},
   "outputs": [
    {
     "data": {
      "text/html": [
       "<div>\n",
       "<style scoped>\n",
       "    .dataframe tbody tr th:only-of-type {\n",
       "        vertical-align: middle;\n",
       "    }\n",
       "\n",
       "    .dataframe tbody tr th {\n",
       "        vertical-align: top;\n",
       "    }\n",
       "\n",
       "    .dataframe thead th {\n",
       "        text-align: right;\n",
       "    }\n",
       "</style>\n",
       "<table border=\"1\" class=\"dataframe\">\n",
       "  <thead>\n",
       "    <tr style=\"text-align: right;\">\n",
       "      <th></th>\n",
       "      <th>Short_Price</th>\n",
       "      <th>Short_Distance</th>\n",
       "      <th>Long_Price</th>\n",
       "      <th>Long_Distance</th>\n",
       "      <th>Current_Price</th>\n",
       "      <th>Relative_SL</th>\n",
       "      <th>RelativePrice_SL</th>\n",
       "      <th>Bed_av</th>\n",
       "      <th>Bud_av</th>\n",
       "      <th>Rel_avg</th>\n",
       "      <th>Rel_com_avg</th>\n",
       "      <th>Rel_p_avg</th>\n",
       "    </tr>\n",
       "    <tr>\n",
       "      <th>Symbol</th>\n",
       "      <th></th>\n",
       "      <th></th>\n",
       "      <th></th>\n",
       "      <th></th>\n",
       "      <th></th>\n",
       "      <th></th>\n",
       "      <th></th>\n",
       "      <th></th>\n",
       "      <th></th>\n",
       "      <th></th>\n",
       "      <th></th>\n",
       "      <th></th>\n",
       "    </tr>\n",
       "  </thead>\n",
       "  <tbody>\n",
       "    <tr>\n",
       "      <th>GBPAUD</th>\n",
       "      <td>1.7836</td>\n",
       "      <td>52</td>\n",
       "      <td>1.8246</td>\n",
       "      <td>-462</td>\n",
       "      <td>1.7784</td>\n",
       "      <td>-0.1126</td>\n",
       "      <td>0.9775</td>\n",
       "      <td>-0.9455</td>\n",
       "      <td>1.8567</td>\n",
       "      <td>0.3120</td>\n",
       "      <td>-0.5092</td>\n",
       "      <td>0.9964</td>\n",
       "    </tr>\n",
       "    <tr>\n",
       "      <th>GBPNZD</th>\n",
       "      <td>1.9120</td>\n",
       "      <td>55</td>\n",
       "      <td>1.9526</td>\n",
       "      <td>-461</td>\n",
       "      <td>1.9065</td>\n",
       "      <td>-0.1193</td>\n",
       "      <td>0.9792</td>\n",
       "      <td>-1.0000</td>\n",
       "      <td>1.8526</td>\n",
       "      <td>0.3307</td>\n",
       "      <td>-0.5398</td>\n",
       "      <td>0.9981</td>\n",
       "    </tr>\n",
       "    <tr>\n",
       "      <th>GBPCAD</th>\n",
       "      <td>1.6657</td>\n",
       "      <td>82</td>\n",
       "      <td>1.6917</td>\n",
       "      <td>-342</td>\n",
       "      <td>1.6575</td>\n",
       "      <td>-0.2398</td>\n",
       "      <td>0.9846</td>\n",
       "      <td>-1.4909</td>\n",
       "      <td>1.3744</td>\n",
       "      <td>0.6646</td>\n",
       "      <td>-1.0848</td>\n",
       "      <td>1.0036</td>\n",
       "    </tr>\n",
       "    <tr>\n",
       "      <th>GBPCHF</th>\n",
       "      <td>1.2229</td>\n",
       "      <td>-49</td>\n",
       "      <td>1.2500</td>\n",
       "      <td>-222</td>\n",
       "      <td>1.2278</td>\n",
       "      <td>0.2207</td>\n",
       "      <td>0.9783</td>\n",
       "      <td>0.8909</td>\n",
       "      <td>0.8922</td>\n",
       "      <td>-0.6118</td>\n",
       "      <td>0.9986</td>\n",
       "      <td>0.9972</td>\n",
       "    </tr>\n",
       "    <tr>\n",
       "      <th>GBPUSD</th>\n",
       "      <td>1.3098</td>\n",
       "      <td>-55</td>\n",
       "      <td>1.3348</td>\n",
       "      <td>-195</td>\n",
       "      <td>1.3153</td>\n",
       "      <td>0.2821</td>\n",
       "      <td>0.9813</td>\n",
       "      <td>1.0000</td>\n",
       "      <td>0.7837</td>\n",
       "      <td>-0.7818</td>\n",
       "      <td>1.2761</td>\n",
       "      <td>1.0002</td>\n",
       "    </tr>\n",
       "    <tr>\n",
       "      <th>GBPJPY</th>\n",
       "      <td>152.6375</td>\n",
       "      <td>-415</td>\n",
       "      <td>154.9002</td>\n",
       "      <td>189</td>\n",
       "      <td>156.7900</td>\n",
       "      <td>-2.1958</td>\n",
       "      <td>0.9854</td>\n",
       "      <td>7.5455</td>\n",
       "      <td>-0.7595</td>\n",
       "      <td>6.0863</td>\n",
       "      <td>-9.9342</td>\n",
       "      <td>1.0044</td>\n",
       "    </tr>\n",
       "  </tbody>\n",
       "</table>\n",
       "</div>"
      ],
      "text/plain": [
       "        Short_Price  Short_Distance  Long_Price  Long_Distance  Current_Price  \\\n",
       "Symbol                                                                          \n",
       "GBPAUD       1.7836              52      1.8246           -462         1.7784   \n",
       "GBPNZD       1.9120              55      1.9526           -461         1.9065   \n",
       "GBPCAD       1.6657              82      1.6917           -342         1.6575   \n",
       "GBPCHF       1.2229             -49      1.2500           -222         1.2278   \n",
       "GBPUSD       1.3098             -55      1.3348           -195         1.3153   \n",
       "GBPJPY     152.6375            -415    154.9002            189       156.7900   \n",
       "\n",
       "        Relative_SL  RelativePrice_SL  Bed_av  Bud_av  Rel_avg  Rel_com_avg  \\\n",
       "Symbol                                                                        \n",
       "GBPAUD      -0.1126            0.9775 -0.9455  1.8567   0.3120      -0.5092   \n",
       "GBPNZD      -0.1193            0.9792 -1.0000  1.8526   0.3307      -0.5398   \n",
       "GBPCAD      -0.2398            0.9846 -1.4909  1.3744   0.6646      -1.0848   \n",
       "GBPCHF       0.2207            0.9783  0.8909  0.8922  -0.6118       0.9986   \n",
       "GBPUSD       0.2821            0.9813  1.0000  0.7837  -0.7818       1.2761   \n",
       "GBPJPY      -2.1958            0.9854  7.5455 -0.7595   6.0863      -9.9342   \n",
       "\n",
       "        Rel_p_avg  \n",
       "Symbol             \n",
       "GBPAUD     0.9964  \n",
       "GBPNZD     0.9981  \n",
       "GBPCAD     1.0036  \n",
       "GBPCHF     0.9972  \n",
       "GBPUSD     1.0002  \n",
       "GBPJPY     1.0044  "
      ]
     },
     "execution_count": 38,
     "metadata": {},
     "output_type": "execute_result"
    }
   ],
   "source": [
    "filter_quote.sort_values(by='Bud_av', ascending=False, key=abs)"
   ]
  },
  {
   "cell_type": "code",
   "execution_count": 39,
   "metadata": {},
   "outputs": [
    {
     "data": {
      "text/html": [
       "<div>\n",
       "<style scoped>\n",
       "    .dataframe tbody tr th:only-of-type {\n",
       "        vertical-align: middle;\n",
       "    }\n",
       "\n",
       "    .dataframe tbody tr th {\n",
       "        vertical-align: top;\n",
       "    }\n",
       "\n",
       "    .dataframe thead th {\n",
       "        text-align: right;\n",
       "    }\n",
       "</style>\n",
       "<table border=\"1\" class=\"dataframe\">\n",
       "  <thead>\n",
       "    <tr style=\"text-align: right;\">\n",
       "      <th></th>\n",
       "      <th>Short_Price</th>\n",
       "      <th>Short_Distance</th>\n",
       "      <th>Long_Price</th>\n",
       "      <th>Long_Distance</th>\n",
       "      <th>Current_Price</th>\n",
       "      <th>Relative_SL</th>\n",
       "      <th>RelativePrice_SL</th>\n",
       "      <th>Bed_av</th>\n",
       "      <th>Bud_av</th>\n",
       "      <th>Rel_avg</th>\n",
       "      <th>Rel_com_avg</th>\n",
       "      <th>Rel_p_avg</th>\n",
       "    </tr>\n",
       "    <tr>\n",
       "      <th>Symbol</th>\n",
       "      <th></th>\n",
       "      <th></th>\n",
       "      <th></th>\n",
       "      <th></th>\n",
       "      <th></th>\n",
       "      <th></th>\n",
       "      <th></th>\n",
       "      <th></th>\n",
       "      <th></th>\n",
       "      <th></th>\n",
       "      <th></th>\n",
       "      <th></th>\n",
       "    </tr>\n",
       "  </thead>\n",
       "  <tbody>\n",
       "    <tr>\n",
       "      <th>GBPJPY</th>\n",
       "      <td>152.6375</td>\n",
       "      <td>-415</td>\n",
       "      <td>154.9002</td>\n",
       "      <td>189</td>\n",
       "      <td>156.7900</td>\n",
       "      <td>-2.1958</td>\n",
       "      <td>0.9854</td>\n",
       "      <td>7.5455</td>\n",
       "      <td>-0.7595</td>\n",
       "      <td>6.0863</td>\n",
       "      <td>-9.9342</td>\n",
       "      <td>1.0044</td>\n",
       "    </tr>\n",
       "    <tr>\n",
       "      <th>GBPUSD</th>\n",
       "      <td>1.3098</td>\n",
       "      <td>-55</td>\n",
       "      <td>1.3348</td>\n",
       "      <td>-195</td>\n",
       "      <td>1.3153</td>\n",
       "      <td>0.2821</td>\n",
       "      <td>0.9813</td>\n",
       "      <td>1.0000</td>\n",
       "      <td>0.7837</td>\n",
       "      <td>-0.7818</td>\n",
       "      <td>1.2761</td>\n",
       "      <td>1.0002</td>\n",
       "    </tr>\n",
       "    <tr>\n",
       "      <th>GBPCAD</th>\n",
       "      <td>1.6657</td>\n",
       "      <td>82</td>\n",
       "      <td>1.6917</td>\n",
       "      <td>-342</td>\n",
       "      <td>1.6575</td>\n",
       "      <td>-0.2398</td>\n",
       "      <td>0.9846</td>\n",
       "      <td>-1.4909</td>\n",
       "      <td>1.3744</td>\n",
       "      <td>0.6646</td>\n",
       "      <td>-1.0848</td>\n",
       "      <td>1.0036</td>\n",
       "    </tr>\n",
       "    <tr>\n",
       "      <th>GBPCHF</th>\n",
       "      <td>1.2229</td>\n",
       "      <td>-49</td>\n",
       "      <td>1.2500</td>\n",
       "      <td>-222</td>\n",
       "      <td>1.2278</td>\n",
       "      <td>0.2207</td>\n",
       "      <td>0.9783</td>\n",
       "      <td>0.8909</td>\n",
       "      <td>0.8922</td>\n",
       "      <td>-0.6118</td>\n",
       "      <td>0.9986</td>\n",
       "      <td>0.9972</td>\n",
       "    </tr>\n",
       "    <tr>\n",
       "      <th>GBPNZD</th>\n",
       "      <td>1.9120</td>\n",
       "      <td>55</td>\n",
       "      <td>1.9526</td>\n",
       "      <td>-461</td>\n",
       "      <td>1.9065</td>\n",
       "      <td>-0.1193</td>\n",
       "      <td>0.9792</td>\n",
       "      <td>-1.0000</td>\n",
       "      <td>1.8526</td>\n",
       "      <td>0.3307</td>\n",
       "      <td>-0.5398</td>\n",
       "      <td>0.9981</td>\n",
       "    </tr>\n",
       "    <tr>\n",
       "      <th>GBPAUD</th>\n",
       "      <td>1.7836</td>\n",
       "      <td>52</td>\n",
       "      <td>1.8246</td>\n",
       "      <td>-462</td>\n",
       "      <td>1.7784</td>\n",
       "      <td>-0.1126</td>\n",
       "      <td>0.9775</td>\n",
       "      <td>-0.9455</td>\n",
       "      <td>1.8567</td>\n",
       "      <td>0.3120</td>\n",
       "      <td>-0.5092</td>\n",
       "      <td>0.9964</td>\n",
       "    </tr>\n",
       "  </tbody>\n",
       "</table>\n",
       "</div>"
      ],
      "text/plain": [
       "        Short_Price  Short_Distance  Long_Price  Long_Distance  Current_Price  \\\n",
       "Symbol                                                                          \n",
       "GBPJPY     152.6375            -415    154.9002            189       156.7900   \n",
       "GBPUSD       1.3098             -55      1.3348           -195         1.3153   \n",
       "GBPCAD       1.6657              82      1.6917           -342         1.6575   \n",
       "GBPCHF       1.2229             -49      1.2500           -222         1.2278   \n",
       "GBPNZD       1.9120              55      1.9526           -461         1.9065   \n",
       "GBPAUD       1.7836              52      1.8246           -462         1.7784   \n",
       "\n",
       "        Relative_SL  RelativePrice_SL  Bed_av  Bud_av  Rel_avg  Rel_com_avg  \\\n",
       "Symbol                                                                        \n",
       "GBPJPY      -2.1958            0.9854  7.5455 -0.7595   6.0863      -9.9342   \n",
       "GBPUSD       0.2821            0.9813  1.0000  0.7837  -0.7818       1.2761   \n",
       "GBPCAD      -0.2398            0.9846 -1.4909  1.3744   0.6646      -1.0848   \n",
       "GBPCHF       0.2207            0.9783  0.8909  0.8922  -0.6118       0.9986   \n",
       "GBPNZD      -0.1193            0.9792 -1.0000  1.8526   0.3307      -0.5398   \n",
       "GBPAUD      -0.1126            0.9775 -0.9455  1.8567   0.3120      -0.5092   \n",
       "\n",
       "        Rel_p_avg  \n",
       "Symbol             \n",
       "GBPJPY     1.0044  \n",
       "GBPUSD     1.0002  \n",
       "GBPCAD     1.0036  \n",
       "GBPCHF     0.9972  \n",
       "GBPNZD     0.9981  \n",
       "GBPAUD     0.9964  "
      ]
     },
     "execution_count": 39,
     "metadata": {},
     "output_type": "execute_result"
    }
   ],
   "source": [
    "filter_quote.sort_values(by='Rel_avg', ascending=False, key=abs)"
   ]
  },
  {
   "cell_type": "code",
   "execution_count": 40,
   "metadata": {},
   "outputs": [
    {
     "data": {
      "text/html": [
       "<div>\n",
       "<style scoped>\n",
       "    .dataframe tbody tr th:only-of-type {\n",
       "        vertical-align: middle;\n",
       "    }\n",
       "\n",
       "    .dataframe tbody tr th {\n",
       "        vertical-align: top;\n",
       "    }\n",
       "\n",
       "    .dataframe thead th {\n",
       "        text-align: right;\n",
       "    }\n",
       "</style>\n",
       "<table border=\"1\" class=\"dataframe\">\n",
       "  <thead>\n",
       "    <tr style=\"text-align: right;\">\n",
       "      <th></th>\n",
       "      <th>Short_Price</th>\n",
       "      <th>Short_Distance</th>\n",
       "      <th>Long_Price</th>\n",
       "      <th>Long_Distance</th>\n",
       "      <th>Current_Price</th>\n",
       "      <th>Relative_SL</th>\n",
       "      <th>RelativePrice_SL</th>\n",
       "      <th>Bed_av</th>\n",
       "      <th>Bud_av</th>\n",
       "      <th>Rel_avg</th>\n",
       "      <th>Rel_com_avg</th>\n",
       "      <th>Rel_p_avg</th>\n",
       "    </tr>\n",
       "    <tr>\n",
       "      <th>Symbol</th>\n",
       "      <th></th>\n",
       "      <th></th>\n",
       "      <th></th>\n",
       "      <th></th>\n",
       "      <th></th>\n",
       "      <th></th>\n",
       "      <th></th>\n",
       "      <th></th>\n",
       "      <th></th>\n",
       "      <th></th>\n",
       "      <th></th>\n",
       "      <th></th>\n",
       "    </tr>\n",
       "  </thead>\n",
       "  <tbody>\n",
       "    <tr>\n",
       "      <th>GBPJPY</th>\n",
       "      <td>152.6375</td>\n",
       "      <td>-415</td>\n",
       "      <td>154.9002</td>\n",
       "      <td>189</td>\n",
       "      <td>156.7900</td>\n",
       "      <td>-2.1958</td>\n",
       "      <td>0.9854</td>\n",
       "      <td>7.5455</td>\n",
       "      <td>-0.7595</td>\n",
       "      <td>6.0863</td>\n",
       "      <td>-9.9342</td>\n",
       "      <td>1.0044</td>\n",
       "    </tr>\n",
       "    <tr>\n",
       "      <th>GBPUSD</th>\n",
       "      <td>1.3098</td>\n",
       "      <td>-55</td>\n",
       "      <td>1.3348</td>\n",
       "      <td>-195</td>\n",
       "      <td>1.3153</td>\n",
       "      <td>0.2821</td>\n",
       "      <td>0.9813</td>\n",
       "      <td>1.0000</td>\n",
       "      <td>0.7837</td>\n",
       "      <td>-0.7818</td>\n",
       "      <td>1.2761</td>\n",
       "      <td>1.0002</td>\n",
       "    </tr>\n",
       "    <tr>\n",
       "      <th>GBPCAD</th>\n",
       "      <td>1.6657</td>\n",
       "      <td>82</td>\n",
       "      <td>1.6917</td>\n",
       "      <td>-342</td>\n",
       "      <td>1.6575</td>\n",
       "      <td>-0.2398</td>\n",
       "      <td>0.9846</td>\n",
       "      <td>-1.4909</td>\n",
       "      <td>1.3744</td>\n",
       "      <td>0.6646</td>\n",
       "      <td>-1.0848</td>\n",
       "      <td>1.0036</td>\n",
       "    </tr>\n",
       "    <tr>\n",
       "      <th>GBPCHF</th>\n",
       "      <td>1.2229</td>\n",
       "      <td>-49</td>\n",
       "      <td>1.2500</td>\n",
       "      <td>-222</td>\n",
       "      <td>1.2278</td>\n",
       "      <td>0.2207</td>\n",
       "      <td>0.9783</td>\n",
       "      <td>0.8909</td>\n",
       "      <td>0.8922</td>\n",
       "      <td>-0.6118</td>\n",
       "      <td>0.9986</td>\n",
       "      <td>0.9972</td>\n",
       "    </tr>\n",
       "    <tr>\n",
       "      <th>GBPNZD</th>\n",
       "      <td>1.9120</td>\n",
       "      <td>55</td>\n",
       "      <td>1.9526</td>\n",
       "      <td>-461</td>\n",
       "      <td>1.9065</td>\n",
       "      <td>-0.1193</td>\n",
       "      <td>0.9792</td>\n",
       "      <td>-1.0000</td>\n",
       "      <td>1.8526</td>\n",
       "      <td>0.3307</td>\n",
       "      <td>-0.5398</td>\n",
       "      <td>0.9981</td>\n",
       "    </tr>\n",
       "    <tr>\n",
       "      <th>GBPAUD</th>\n",
       "      <td>1.7836</td>\n",
       "      <td>52</td>\n",
       "      <td>1.8246</td>\n",
       "      <td>-462</td>\n",
       "      <td>1.7784</td>\n",
       "      <td>-0.1126</td>\n",
       "      <td>0.9775</td>\n",
       "      <td>-0.9455</td>\n",
       "      <td>1.8567</td>\n",
       "      <td>0.3120</td>\n",
       "      <td>-0.5092</td>\n",
       "      <td>0.9964</td>\n",
       "    </tr>\n",
       "  </tbody>\n",
       "</table>\n",
       "</div>"
      ],
      "text/plain": [
       "        Short_Price  Short_Distance  Long_Price  Long_Distance  Current_Price  \\\n",
       "Symbol                                                                          \n",
       "GBPJPY     152.6375            -415    154.9002            189       156.7900   \n",
       "GBPUSD       1.3098             -55      1.3348           -195         1.3153   \n",
       "GBPCAD       1.6657              82      1.6917           -342         1.6575   \n",
       "GBPCHF       1.2229             -49      1.2500           -222         1.2278   \n",
       "GBPNZD       1.9120              55      1.9526           -461         1.9065   \n",
       "GBPAUD       1.7836              52      1.8246           -462         1.7784   \n",
       "\n",
       "        Relative_SL  RelativePrice_SL  Bed_av  Bud_av  Rel_avg  Rel_com_avg  \\\n",
       "Symbol                                                                        \n",
       "GBPJPY      -2.1958            0.9854  7.5455 -0.7595   6.0863      -9.9342   \n",
       "GBPUSD       0.2821            0.9813  1.0000  0.7837  -0.7818       1.2761   \n",
       "GBPCAD      -0.2398            0.9846 -1.4909  1.3744   0.6646      -1.0848   \n",
       "GBPCHF       0.2207            0.9783  0.8909  0.8922  -0.6118       0.9986   \n",
       "GBPNZD      -0.1193            0.9792 -1.0000  1.8526   0.3307      -0.5398   \n",
       "GBPAUD      -0.1126            0.9775 -0.9455  1.8567   0.3120      -0.5092   \n",
       "\n",
       "        Rel_p_avg  \n",
       "Symbol             \n",
       "GBPJPY     1.0044  \n",
       "GBPUSD     1.0002  \n",
       "GBPCAD     1.0036  \n",
       "GBPCHF     0.9972  \n",
       "GBPNZD     0.9981  \n",
       "GBPAUD     0.9964  "
      ]
     },
     "execution_count": 40,
     "metadata": {},
     "output_type": "execute_result"
    }
   ],
   "source": [
    "filter_quote.sort_values(by='Rel_com_avg', ascending=False, key=abs)"
   ]
  },
  {
   "cell_type": "code",
   "execution_count": 41,
   "metadata": {},
   "outputs": [
    {
     "data": {
      "text/html": [
       "<div>\n",
       "<style scoped>\n",
       "    .dataframe tbody tr th:only-of-type {\n",
       "        vertical-align: middle;\n",
       "    }\n",
       "\n",
       "    .dataframe tbody tr th {\n",
       "        vertical-align: top;\n",
       "    }\n",
       "\n",
       "    .dataframe thead th {\n",
       "        text-align: right;\n",
       "    }\n",
       "</style>\n",
       "<table border=\"1\" class=\"dataframe\">\n",
       "  <thead>\n",
       "    <tr style=\"text-align: right;\">\n",
       "      <th></th>\n",
       "      <th>Short_Price</th>\n",
       "      <th>Short_Distance</th>\n",
       "      <th>Long_Price</th>\n",
       "      <th>Long_Distance</th>\n",
       "      <th>Current_Price</th>\n",
       "      <th>Relative_SL</th>\n",
       "      <th>RelativePrice_SL</th>\n",
       "      <th>Bed_av</th>\n",
       "      <th>Bud_av</th>\n",
       "      <th>Rel_avg</th>\n",
       "      <th>Rel_com_avg</th>\n",
       "      <th>Rel_p_avg</th>\n",
       "    </tr>\n",
       "    <tr>\n",
       "      <th>Symbol</th>\n",
       "      <th></th>\n",
       "      <th></th>\n",
       "      <th></th>\n",
       "      <th></th>\n",
       "      <th></th>\n",
       "      <th></th>\n",
       "      <th></th>\n",
       "      <th></th>\n",
       "      <th></th>\n",
       "      <th></th>\n",
       "      <th></th>\n",
       "      <th></th>\n",
       "    </tr>\n",
       "  </thead>\n",
       "  <tbody>\n",
       "    <tr>\n",
       "      <th>GBPJPY</th>\n",
       "      <td>152.6375</td>\n",
       "      <td>-415</td>\n",
       "      <td>154.9002</td>\n",
       "      <td>189</td>\n",
       "      <td>156.7900</td>\n",
       "      <td>-2.1958</td>\n",
       "      <td>0.9854</td>\n",
       "      <td>7.5455</td>\n",
       "      <td>-0.7595</td>\n",
       "      <td>6.0863</td>\n",
       "      <td>-9.9342</td>\n",
       "      <td>1.0044</td>\n",
       "    </tr>\n",
       "    <tr>\n",
       "      <th>GBPCAD</th>\n",
       "      <td>1.6657</td>\n",
       "      <td>82</td>\n",
       "      <td>1.6917</td>\n",
       "      <td>-342</td>\n",
       "      <td>1.6575</td>\n",
       "      <td>-0.2398</td>\n",
       "      <td>0.9846</td>\n",
       "      <td>-1.4909</td>\n",
       "      <td>1.3744</td>\n",
       "      <td>0.6646</td>\n",
       "      <td>-1.0848</td>\n",
       "      <td>1.0036</td>\n",
       "    </tr>\n",
       "    <tr>\n",
       "      <th>GBPUSD</th>\n",
       "      <td>1.3098</td>\n",
       "      <td>-55</td>\n",
       "      <td>1.3348</td>\n",
       "      <td>-195</td>\n",
       "      <td>1.3153</td>\n",
       "      <td>0.2821</td>\n",
       "      <td>0.9813</td>\n",
       "      <td>1.0000</td>\n",
       "      <td>0.7837</td>\n",
       "      <td>-0.7818</td>\n",
       "      <td>1.2761</td>\n",
       "      <td>1.0002</td>\n",
       "    </tr>\n",
       "    <tr>\n",
       "      <th>GBPNZD</th>\n",
       "      <td>1.9120</td>\n",
       "      <td>55</td>\n",
       "      <td>1.9526</td>\n",
       "      <td>-461</td>\n",
       "      <td>1.9065</td>\n",
       "      <td>-0.1193</td>\n",
       "      <td>0.9792</td>\n",
       "      <td>-1.0000</td>\n",
       "      <td>1.8526</td>\n",
       "      <td>0.3307</td>\n",
       "      <td>-0.5398</td>\n",
       "      <td>0.9981</td>\n",
       "    </tr>\n",
       "    <tr>\n",
       "      <th>GBPCHF</th>\n",
       "      <td>1.2229</td>\n",
       "      <td>-49</td>\n",
       "      <td>1.2500</td>\n",
       "      <td>-222</td>\n",
       "      <td>1.2278</td>\n",
       "      <td>0.2207</td>\n",
       "      <td>0.9783</td>\n",
       "      <td>0.8909</td>\n",
       "      <td>0.8922</td>\n",
       "      <td>-0.6118</td>\n",
       "      <td>0.9986</td>\n",
       "      <td>0.9972</td>\n",
       "    </tr>\n",
       "    <tr>\n",
       "      <th>GBPAUD</th>\n",
       "      <td>1.7836</td>\n",
       "      <td>52</td>\n",
       "      <td>1.8246</td>\n",
       "      <td>-462</td>\n",
       "      <td>1.7784</td>\n",
       "      <td>-0.1126</td>\n",
       "      <td>0.9775</td>\n",
       "      <td>-0.9455</td>\n",
       "      <td>1.8567</td>\n",
       "      <td>0.3120</td>\n",
       "      <td>-0.5092</td>\n",
       "      <td>0.9964</td>\n",
       "    </tr>\n",
       "  </tbody>\n",
       "</table>\n",
       "</div>"
      ],
      "text/plain": [
       "        Short_Price  Short_Distance  Long_Price  Long_Distance  Current_Price  \\\n",
       "Symbol                                                                          \n",
       "GBPJPY     152.6375            -415    154.9002            189       156.7900   \n",
       "GBPCAD       1.6657              82      1.6917           -342         1.6575   \n",
       "GBPUSD       1.3098             -55      1.3348           -195         1.3153   \n",
       "GBPNZD       1.9120              55      1.9526           -461         1.9065   \n",
       "GBPCHF       1.2229             -49      1.2500           -222         1.2278   \n",
       "GBPAUD       1.7836              52      1.8246           -462         1.7784   \n",
       "\n",
       "        Relative_SL  RelativePrice_SL  Bed_av  Bud_av  Rel_avg  Rel_com_avg  \\\n",
       "Symbol                                                                        \n",
       "GBPJPY      -2.1958            0.9854  7.5455 -0.7595   6.0863      -9.9342   \n",
       "GBPCAD      -0.2398            0.9846 -1.4909  1.3744   0.6646      -1.0848   \n",
       "GBPUSD       0.2821            0.9813  1.0000  0.7837  -0.7818       1.2761   \n",
       "GBPNZD      -0.1193            0.9792 -1.0000  1.8526   0.3307      -0.5398   \n",
       "GBPCHF       0.2207            0.9783  0.8909  0.8922  -0.6118       0.9986   \n",
       "GBPAUD      -0.1126            0.9775 -0.9455  1.8567   0.3120      -0.5092   \n",
       "\n",
       "        Rel_p_avg  \n",
       "Symbol             \n",
       "GBPJPY     1.0044  \n",
       "GBPCAD     1.0036  \n",
       "GBPUSD     1.0002  \n",
       "GBPNZD     0.9981  \n",
       "GBPCHF     0.9972  \n",
       "GBPAUD     0.9964  "
      ]
     },
     "execution_count": 41,
     "metadata": {},
     "output_type": "execute_result"
    }
   ],
   "source": [
    "filter_quote.sort_values(by='Rel_p_avg', ascending=False, key=abs)"
   ]
  },
  {
   "cell_type": "code",
   "execution_count": 42,
   "metadata": {},
   "outputs": [],
   "source": [
    "# filter_quote.loc['GBPNZD']"
   ]
  },
  {
   "cell_type": "code",
   "execution_count": 43,
   "metadata": {},
   "outputs": [],
   "source": [
    "sentiments_name = 'sent2802_df'"
   ]
  },
  {
   "cell_type": "code",
   "execution_count": 44,
   "metadata": {},
   "outputs": [],
   "source": [
    "sentiments = pd.read_csv(f'../cookbook_data/owndata/{sentiments_name}.csv', index_col=0)\n",
    "sent_cmp = sentiments.copy()"
   ]
  },
  {
   "cell_type": "code",
   "execution_count": 45,
   "metadata": {},
   "outputs": [
    {
     "data": {
      "text/html": [
       "<div>\n",
       "<style scoped>\n",
       "    .dataframe tbody tr th:only-of-type {\n",
       "        vertical-align: middle;\n",
       "    }\n",
       "\n",
       "    .dataframe tbody tr th {\n",
       "        vertical-align: top;\n",
       "    }\n",
       "\n",
       "    .dataframe thead th {\n",
       "        text-align: right;\n",
       "    }\n",
       "</style>\n",
       "<table border=\"1\" class=\"dataframe\">\n",
       "  <thead>\n",
       "    <tr style=\"text-align: right;\">\n",
       "      <th></th>\n",
       "      <th>Action</th>\n",
       "      <th>Percentage</th>\n",
       "      <th>Volume</th>\n",
       "      <th>Positions</th>\n",
       "    </tr>\n",
       "    <tr>\n",
       "      <th>Symbol</th>\n",
       "      <th></th>\n",
       "      <th></th>\n",
       "      <th></th>\n",
       "      <th></th>\n",
       "    </tr>\n",
       "  </thead>\n",
       "  <tbody>\n",
       "    <tr>\n",
       "      <th>USDJPY</th>\n",
       "      <td>Short</td>\n",
       "      <td>93</td>\n",
       "      <td>17596.04</td>\n",
       "      <td>30882</td>\n",
       "    </tr>\n",
       "    <tr>\n",
       "      <th>EURJPY</th>\n",
       "      <td>Short</td>\n",
       "      <td>93</td>\n",
       "      <td>13211.45</td>\n",
       "      <td>19684</td>\n",
       "    </tr>\n",
       "    <tr>\n",
       "      <th>AUDJPY</th>\n",
       "      <td>Short</td>\n",
       "      <td>91</td>\n",
       "      <td>1498.34</td>\n",
       "      <td>6055</td>\n",
       "    </tr>\n",
       "    <tr>\n",
       "      <th>NZDJPY</th>\n",
       "      <td>Short</td>\n",
       "      <td>91</td>\n",
       "      <td>2299.32</td>\n",
