{
 "cells": [
  {
   "cell_type": "code",
   "execution_count": 15,
   "metadata": {},
   "outputs": [],
   "source": [
    "import pandas as pd\n",
    "import numpy as np\n",
    "import matplotlib.pyplot as plt\n",
    "plt.rcParams[\"figure.figsize\"] = (20,10)\n",
    "pd.set_option('max_columns', 15, 'max_rows', 30, 'display.precision', 4)"
   ]
  },
  {
   "cell_type": "code",
   "execution_count": 16,
   "metadata": {},
   "outputs": [],
   "source": [
    "result = pd.read_csv('../cookbook_data/owndata/prices_cleandf2202.csv', index_col=0)\n",
    "result_cmp = result.copy()"
   ]
  },
  {
   "cell_type": "markdown",
   "metadata": {},
   "source": [
    "##### Notice: GBPJPY, GBPCAD, EURJPY, USDJPY, AUDJPY, NZDJPY"
   ]
  },
  {
   "cell_type": "code",
   "execution_count": 17,
   "metadata": {},
   "outputs": [],
   "source": [
    "quote = r'GBP'\n",
    "filter_quote = result_cmp[result_cmp.index.str.contains(quote + r'(?!$)')]\n",
    "filter_quote = filter_quote.apply(pd.to_numeric)"
   ]
  },
  {
   "cell_type": "code",
   "execution_count": 18,
   "metadata": {},
   "outputs": [],
   "source": [
    "sr = filter_quote.loc[:, ('Short_Distance', 'Long_Distance', 'Relative_SL', 'RelativePrice_SL')].mean()\n",
    "sr['Combine_Rel'] = sr['Short_Distance'] / sr['Long_Distance']"
   ]
  },
  {
   "cell_type": "code",
   "execution_count": 19,
   "metadata": {},
   "outputs": [
    {
     "data": {
      "text/plain": [
       "4.743243243243243"
      ]
     },
     "execution_count": 19,
     "metadata": {},
     "output_type": "execute_result"
    }
   ],
   "source": [
    "sr['Combine_Rel']"
   ]
  },
  {
   "cell_type": "code",
   "execution_count": 20,
   "metadata": {},
   "outputs": [],
   "source": [
    "filter_quote['Bed_av'] = filter_quote.Short_Distance.div(sr['Short_Distance'])\n",
    "filter_quote['Bud_av'] = filter_quote.Long_Distance.div(sr['Long_Distance'])\n",
    "filter_quote['Rel_avg'] = filter_quote.Relative_SL.div(sr['Relative_SL'])\n",
    "\n",
    "filter_quote['Rel_com_avg'] = filter_quote.Relative_SL.div(sr['Combine_Rel'])\n",
    "\n",
    "filter_quote['Rel_p_avg'] = filter_quote.RelativePrice_SL.div(sr['RelativePrice_SL'])"
   ]
  },
  {
   "cell_type": "code",
   "execution_count": 21,
   "metadata": {},
   "outputs": [
    {
     "data": {
      "text/html": [
       "<div>\n",
       "<style scoped>\n",
       "    .dataframe tbody tr th:only-of-type {\n",
       "        vertical-align: middle;\n",
       "    }\n",
       "\n",
       "    .dataframe tbody tr th {\n",
       "        vertical-align: top;\n",
       "    }\n",
       "\n",
       "    .dataframe thead th {\n",
       "        text-align: right;\n",
       "    }\n",
       "</style>\n",
       "<table border=\"1\" class=\"dataframe\">\n",
       "  <thead>\n",
       "    <tr style=\"text-align: right;\">\n",
       "      <th></th>\n",
       "      <th>Short_Price</th>\n",
       "      <th>Short_Distance</th>\n",
       "      <th>Long_Price</th>\n",
       "      <th>Long_Distance</th>\n",
       "      <th>Current_Price</th>\n",
       "      <th>Relative_SL</th>\n",
       "      <th>RelativePrice_SL</th>\n",
       "      <th>Bed_av</th>\n",
       "      <th>Bud_av</th>\n",
       "      <th>Rel_avg</th>\n",
       "      <th>Rel_com_avg</th>\n",
       "      <th>Rel_p_avg</th>\n",
       "    </tr>\n",
       "    <tr>\n",
       "      <th>Symbol</th>\n",
       "      <th></th>\n",
       "      <th></th>\n",
       "      <th></th>\n",
       "      <th></th>\n",
       "      <th></th>\n",
       "      <th></th>\n",
       "      <th></th>\n",
       "      <th></th>\n",
       "      <th></th>\n",
       "      <th></th>\n",
       "      <th></th>\n",
       "      <th></th>\n",
       "    </tr>\n",
       "  </thead>\n",
       "  <tbody>\n",
       "    <tr>\n",
       "      <th>GBPJPY</th>\n",
       "      <td>152.2916</td>\n",
       "      <td>-368</td>\n",
       "      <td>155.5246</td>\n",
       "      <td>44</td>\n",
       "      <td>155.9690</td>\n",
       "      <td>-8.3636</td>\n",
       "      <td>0.9792</td>\n",
       "      <td>2.0969</td>\n",
       "      <td>-1.1892</td>\n",
       "      <td>-8.0794</td>\n",
       "      <td>-1.7633</td>\n",
       "      <td>0.9922</td>\n",
       "    </tr>\n",
       "    <tr>\n",
       "      <th>GBPAUD</th>\n",
       "      <td>1.8654</td>\n",
       "      <td>-217</td>\n",
       "      <td>1.9004</td>\n",
       "      <td>-133</td>\n",
       "      <td>1.8871</td>\n",
       "      <td>1.6316</td>\n",
       "      <td>0.9816</td>\n",
       "      <td>1.2365</td>\n",
       "      <td>3.5946</td>\n",
       "      <td>1.5761</td>\n",
       "      <td>0.3440</td>\n",
       "      <td>0.9946</td>\n",
       "    </tr>\n",
       "    <tr>\n",
       "      <th>GBPNZD</th>\n",
       "      <td>2.0034</td>\n",
       "      <td>-211</td>\n",
       "      <td>2.0202</td>\n",
       "      <td>43</td>\n",
       "      <td>2.0245</td>\n",
       "      <td>-4.9070</td>\n",
       "      <td>0.9917</td>\n",
       "      <td>1.2023</td>\n",
       "      <td>-1.1622</td>\n",
       "      <td>-4.7402</td>\n",
       "      <td>-1.0345</td>\n",
       "      <td>1.0049</td>\n",
       "    </tr>\n",
       "    <tr>\n",
       "      <th>GBPUSD</th>\n",
       "      <td>1.3479</td>\n",
       "      <td>-115</td>\n",
       "      <td>1.3645</td>\n",
       "      <td>-51</td>\n",
       "      <td>1.3594</td>\n",
       "      <td>2.2549</td>\n",
       "      <td>0.9878</td>\n",
       "      <td>0.6553</td>\n",
       "      <td>1.3784</td>\n",
       "      <td>2.1783</td>\n",
       "      <td>0.4754</td>\n",
       "      <td>1.0010</td>\n",
       "    </tr>\n",
       "    <tr>\n",
       "      <th>GBPCAD</th>\n",
       "      <td>1.7240</td>\n",
       "      <td>-91</td>\n",
       "      <td>1.7337</td>\n",
       "      <td>-6</td>\n",
       "      <td>1.7331</td>\n",
       "      <td>15.1667</td>\n",
       "      <td>0.9944</td>\n",
       "      <td>0.5185</td>\n",
       "      <td>0.1622</td>\n",
       "      <td>14.6512</td>\n",
       "      <td>3.1975</td>\n",
       "      <td>1.0076</td>\n",
       "    </tr>\n",
       "    <tr>\n",
       "      <th>GBPCHF</th>\n",
       "      <td>1.2400</td>\n",
       "      <td>-51</td>\n",
       "      <td>1.2570</td>\n",
       "      <td>-119</td>\n",
       "      <td>1.2451</td>\n",
       "      <td>0.4286</td>\n",
       "      <td>0.9865</td>\n",
       "      <td>0.2906</td>\n",
       "      <td>3.2162</td>\n",
       "      <td>0.4140</td>\n",
       "      <td>0.0904</td>\n",
       "      <td>0.9996</td>\n",
       "    </tr>\n",
       "  </tbody>\n",
       "</table>\n",
       "</div>"
      ],
      "text/plain": [
       "        Short_Price  Short_Distance  Long_Price  Long_Distance  Current_Price  \\\n",
       "Symbol                                                                          \n",
       "GBPJPY     152.2916            -368    155.5246             44       155.9690   \n",
       "GBPAUD       1.8654            -217      1.9004           -133         1.8871   \n",
       "GBPNZD       2.0034            -211      2.0202             43         2.0245   \n",
       "GBPUSD       1.3479            -115      1.3645            -51         1.3594   \n",
       "GBPCAD       1.7240             -91      1.7337             -6         1.7331   \n",
       "GBPCHF       1.2400             -51      1.2570           -119         1.2451   \n",
       "\n",
       "        Relative_SL  RelativePrice_SL  Bed_av  Bud_av  Rel_avg  Rel_com_avg  \\\n",
       "Symbol                                                                        \n",
       "GBPJPY      -8.3636            0.9792  2.0969 -1.1892  -8.0794      -1.7633   \n",
       "GBPAUD       1.6316            0.9816  1.2365  3.5946   1.5761       0.3440   \n",
       "GBPNZD      -4.9070            0.9917  1.2023 -1.1622  -4.7402      -1.0345   \n",
       "GBPUSD       2.2549            0.9878  0.6553  1.3784   2.1783       0.4754   \n",
       "GBPCAD      15.1667            0.9944  0.5185  0.1622  14.6512       3.1975   \n",
       "GBPCHF       0.4286            0.9865  0.2906  3.2162   0.4140       0.0904   \n",
       "\n",
       "        Rel_p_avg  \n",
       "Symbol             \n",
       "GBPJPY     0.9922  \n",
       "GBPAUD     0.9946  \n",
       "GBPNZD     1.0049  \n",
       "GBPUSD     1.0010  \n",
       "GBPCAD     1.0076  \n",
       "GBPCHF     0.9996  "
      ]
     },
     "execution_count": 21,
     "metadata": {},
     "output_type": "execute_result"
    }
   ],
   "source": [
    "filter_quote.sort_values(by='Bed_av', ascending=False, key=abs)"
   ]
  },
  {
   "cell_type": "code",
   "execution_count": 22,
   "metadata": {},
   "outputs": [
    {
     "data": {
      "text/html": [
       "<div>\n",
       "<style scoped>\n",
       "    .dataframe tbody tr th:only-of-type {\n",
       "        vertical-align: middle;\n",
       "    }\n",
       "\n",
       "    .dataframe tbody tr th {\n",
       "        vertical-align: top;\n",
       "    }\n",
       "\n",
       "    .dataframe thead th {\n",
       "        text-align: right;\n",
       "    }\n",
       "</style>\n",
       "<table border=\"1\" class=\"dataframe\">\n",
       "  <thead>\n",
       "    <tr style=\"text-align: right;\">\n",
       "      <th></th>\n",
       "      <th>Short_Price</th>\n",
       "      <th>Short_Distance</th>\n",
       "      <th>Long_Price</th>\n",
       "      <th>Long_Distance</th>\n",
       "      <th>Current_Price</th>\n",
       "      <th>Relative_SL</th>\n",
       "      <th>RelativePrice_SL</th>\n",
       "      <th>Bed_av</th>\n",
       "      <th>Bud_av</th>\n",
       "      <th>Rel_avg</th>\n",
       "      <th>Rel_com_avg</th>\n",
       "      <th>Rel_p_avg</th>\n",
       "    </tr>\n",
       "    <tr>\n",
       "      <th>Symbol</th>\n",
       "      <th></th>\n",
       "      <th></th>\n",
       "      <th></th>\n",
       "      <th></th>\n",
       "      <th></th>\n",
       "      <th></th>\n",
       "      <th></th>\n",
       "      <th></th>\n",
       "      <th></th>\n",
       "      <th></th>\n",
       "      <th></th>\n",
       "      <th></th>\n",
       "    </tr>\n",
       "  </thead>\n",
       "  <tbody>\n",
       "    <tr>\n",
       "      <th>GBPAUD</th>\n",
       "      <td>1.8654</td>\n",
       "      <td>-217</td>\n",
       "      <td>1.9004</td>\n",
       "      <td>-133</td>\n",
       "      <td>1.8871</td>\n",
       "      <td>1.6316</td>\n",
       "      <td>0.9816</td>\n",
       "      <td>1.2365</td>\n",
       "      <td>3.5946</td>\n",
       "      <td>1.5761</td>\n",
       "      <td>0.3440</td>\n",
       "      <td>0.9946</td>\n",
       "    </tr>\n",
       "    <tr>\n",
       "      <th>GBPCHF</th>\n",
       "      <td>1.2400</td>\n",
       "      <td>-51</td>\n",
       "      <td>1.2570</td>\n",
       "      <td>-119</td>\n",
       "      <td>1.2451</td>\n",
       "      <td>0.4286</td>\n",
       "      <td>0.9865</td>\n",
       "      <td>0.2906</td>\n",
       "      <td>3.2162</td>\n",
       "      <td>0.4140</td>\n",
       "      <td>0.0904</td>\n",
       "      <td>0.9996</td>\n",
       "    </tr>\n",
       "    <tr>\n",
       "      <th>GBPUSD</th>\n",
       "      <td>1.3479</td>\n",
       "      <td>-115</td>\n",
       "      <td>1.3645</td>\n",
       "      <td>-51</td>\n",
       "      <td>1.3594</td>\n",
       "      <td>2.2549</td>\n",
       "      <td>0.9878</td>\n",
       "      <td>0.6553</td>\n",
       "      <td>1.3784</td>\n",
       "      <td>2.1783</td>\n",
       "      <td>0.4754</td>\n",
       "      <td>1.0010</td>\n",
       "    </tr>\n",
       "    <tr>\n",
       "      <th>GBPJPY</th>\n",
       "      <td>152.2916</td>\n",
       "      <td>-368</td>\n",
       "      <td>155.5246</td>\n",
       "      <td>44</td>\n",
       "      <td>155.9690</td>\n",
       "      <td>-8.3636</td>\n",
       "      <td>0.9792</td>\n",
       "      <td>2.0969</td>\n",
       "      <td>-1.1892</td>\n",
       "      <td>-8.0794</td>\n",
       "      <td>-1.7633</td>\n",
       "      <td>0.9922</td>\n",
       "    </tr>\n",
       "    <tr>\n",
       "      <th>GBPNZD</th>\n",
       "      <td>2.0034</td>\n",
       "      <td>-211</td>\n",
       "      <td>2.0202</td>\n",
       "      <td>43</td>\n",
       "      <td>2.0245</td>\n",
       "      <td>-4.9070</td>\n",
       "      <td>0.9917</td>\n",
       "      <td>1.2023</td>\n",
       "      <td>-1.1622</td>\n",
       "      <td>-4.7402</td>\n",
       "      <td>-1.0345</td>\n",
       "      <td>1.0049</td>\n",
       "    </tr>\n",
       "    <tr>\n",
       "      <th>GBPCAD</th>\n",
       "      <td>1.7240</td>\n",
       "      <td>-91</td>\n",
       "      <td>1.7337</td>\n",
       "      <td>-6</td>\n",
       "      <td>1.7331</td>\n",
       "      <td>15.1667</td>\n",
       "      <td>0.9944</td>\n",
       "      <td>0.5185</td>\n",
       "      <td>0.1622</td>\n",
       "      <td>14.6512</td>\n",
       "      <td>3.1975</td>\n",
       "      <td>1.0076</td>\n",
       "    </tr>\n",
       "  </tbody>\n",
       "</table>\n",
       "</div>"
      ],
      "text/plain": [
       "        Short_Price  Short_Distance  Long_Price  Long_Distance  Current_Price  \\\n",
       "Symbol                                                                          \n",
       "GBPAUD       1.8654            -217      1.9004           -133         1.8871   \n",
       "GBPCHF       1.2400             -51      1.2570           -119         1.2451   \n",
       "GBPUSD       1.3479            -115      1.3645            -51         1.3594   \n",
       "GBPJPY     152.2916            -368    155.5246             44       155.9690   \n",
       "GBPNZD       2.0034            -211      2.0202             43         2.0245   \n",
       "GBPCAD       1.7240             -91      1.7337             -6         1.7331   \n",
       "\n",
       "        Relative_SL  RelativePrice_SL  Bed_av  Bud_av  Rel_avg  Rel_com_avg  \\\n",
       "Symbol                                                                        \n",
       "GBPAUD       1.6316            0.9816  1.2365  3.5946   1.5761       0.3440   \n",
       "GBPCHF       0.4286            0.9865  0.2906  3.2162   0.4140       0.0904   \n",
       "GBPUSD       2.2549            0.9878  0.6553  1.3784   2.1783       0.4754   \n",
       "GBPJPY      -8.3636            0.9792  2.0969 -1.1892  -8.0794      -1.7633   \n",
       "GBPNZD      -4.9070            0.9917  1.2023 -1.1622  -4.7402      -1.0345   \n",
       "GBPCAD      15.1667            0.9944  0.5185  0.1622  14.6512       3.1975   \n",
       "\n",
       "        Rel_p_avg  \n",
       "Symbol             \n",
       "GBPAUD     0.9946  \n",
       "GBPCHF     0.9996  \n",
       "GBPUSD     1.0010  \n",
       "GBPJPY     0.9922  \n",
       "GBPNZD     1.0049  \n",
       "GBPCAD     1.0076  "
      ]
     },
     "execution_count": 22,
     "metadata": {},
     "output_type": "execute_result"
    }
   ],
   "source": [
    "filter_quote.sort_values(by='Bud_av', ascending=False, key=abs)"
   ]
  },
  {
   "cell_type": "code",
   "execution_count": 23,
   "metadata": {},
   "outputs": [
    {
     "data": {
      "text/html": [
       "<div>\n",
       "<style scoped>\n",
       "    .dataframe tbody tr th:only-of-type {\n",
       "        vertical-align: middle;\n",
       "    }\n",
       "\n",
       "    .dataframe tbody tr th {\n",
       "        vertical-align: top;\n",
       "    }\n",
       "\n",
       "    .dataframe thead th {\n",
       "        text-align: right;\n",
       "    }\n",
       "</style>\n",
       "<table border=\"1\" class=\"dataframe\">\n",
       "  <thead>\n",
       "    <tr style=\"text-align: right;\">\n",
       "      <th></th>\n",
       "      <th>Short_Price</th>\n",
       "      <th>Short_Distance</th>\n",
       "      <th>Long_Price</th>\n",
       "      <th>Long_Distance</th>\n",
       "      <th>Current_Price</th>\n",
       "      <th>Relative_SL</th>\n",
       "      <th>RelativePrice_SL</th>\n",
       "      <th>Bed_av</th>\n",
       "      <th>Bud_av</th>\n",
       "      <th>Rel_avg</th>\n",
       "      <th>Rel_com_avg</th>\n",
       "      <th>Rel_p_avg</th>\n",
       "    </tr>\n",
       "    <tr>\n",
       "      <th>Symbol</th>\n",
       "      <th></th>\n",
       "      <th></th>\n",
       "      <th></th>\n",
       "      <th></th>\n",
       "      <th></th>\n",
       "      <th></th>\n",
       "      <th></th>\n",
       "      <th></th>\n",
       "      <th></th>\n",
       "      <th></th>\n",
       "      <th></th>\n",
       "      <th></th>\n",
       "    </tr>\n",
       "  </thead>\n",
       "  <tbody>\n",
       "    <tr>\n",
       "      <th>GBPCAD</th>\n",
       "      <td>1.7240</td>\n",
       "      <td>-91</td>\n",
       "      <td>1.7337</td>\n",
       "      <td>-6</td>\n",
       "      <td>1.7331</td>\n",
       "      <td>15.1667</td>\n",
       "      <td>0.9944</td>\n",
       "      <td>0.5185</td>\n",
       "      <td>0.1622</td>\n",
       "      <td>14.6512</td>\n",
       "      <td>3.1975</td>\n",
       "      <td>1.0076</td>\n",
       "    </tr>\n",
       "    <tr>\n",
       "      <th>GBPJPY</th>\n",
       "      <td>152.2916</td>\n",
       "      <td>-368</td>\n",
       "      <td>155.5246</td>\n",
       "      <td>44</td>\n",
       "      <td>155.9690</td>\n",
       "      <td>-8.3636</td>\n",
       "      <td>0.9792</td>\n",
       "      <td>2.0969</td>\n",
       "      <td>-1.1892</td>\n",
       "      <td>-8.0794</td>\n",
       "      <td>-1.7633</td>\n",
       "      <td>0.9922</td>\n",
       "    </tr>\n",
       "    <tr>\n",
       "      <th>GBPNZD</th>\n",
       "      <td>2.0034</td>\n",
       "      <td>-211</td>\n",
       "      <td>2.0202</td>\n",
       "      <td>43</td>\n",
       "      <td>2.0245</td>\n",
       "      <td>-4.9070</td>\n",
       "      <td>0.9917</td>\n",
       "      <td>1.2023</td>\n",
       "      <td>-1.1622</td>\n",
       "      <td>-4.7402</td>\n",
       "      <td>-1.0345</td>\n",
       "      <td>1.0049</td>\n",
       "    </tr>\n",
       "    <tr>\n",
       "      <th>GBPUSD</th>\n",
       "      <td>1.3479</td>\n",
       "      <td>-115</td>\n",
       "      <td>1.3645</td>\n",
       "      <td>-51</td>\n",
       "      <td>1.3594</td>\n",
       "      <td>2.2549</td>\n",
       "      <td>0.9878</td>\n",
       "      <td>0.6553</td>\n",
       "      <td>1.3784</td>\n",
       "      <td>2.1783</td>\n",
       "      <td>0.4754</td>\n",
       "      <td>1.0010</td>\n",
       "    </tr>\n",
       "    <tr>\n",
       "      <th>GBPAUD</th>\n",
       "      <td>1.8654</td>\n",
       "      <td>-217</td>\n",
       "      <td>1.9004</td>\n",
       "      <td>-133</td>\n",
       "      <td>1.8871</td>\n",
       "      <td>1.6316</td>\n",
       "      <td>0.9816</td>\n",
       "      <td>1.2365</td>\n",
       "      <td>3.5946</td>\n",
       "      <td>1.5761</td>\n",
       "      <td>0.3440</td>\n",
       "      <td>0.9946</td>\n",
       "    </tr>\n",
       "    <tr>\n",
       "      <th>GBPCHF</th>\n",
       "      <td>1.2400</td>\n",
       "      <td>-51</td>\n",
       "      <td>1.2570</td>\n",
       "      <td>-119</td>\n",
       "      <td>1.2451</td>\n",
       "      <td>0.4286</td>\n",
       "      <td>0.9865</td>\n",
       "      <td>0.2906</td>\n",
       "      <td>3.2162</td>\n",
       "      <td>0.4140</td>\n",
       "      <td>0.0904</td>\n",
       "      <td>0.9996</td>\n",
       "    </tr>\n",
       "  </tbody>\n",
       "</table>\n",
       "</div>"
      ],
      "text/plain": [
       "        Short_Price  Short_Distance  Long_Price  Long_Distance  Current_Price  \\\n",
       "Symbol                                                                          \n",
       "GBPCAD       1.7240             -91      1.7337             -6         1.7331   \n",
       "GBPJPY     152.2916            -368    155.5246             44       155.9690   \n",
       "GBPNZD       2.0034            -211      2.0202             43         2.0245   \n",
       "GBPUSD       1.3479            -115      1.3645            -51         1.3594   \n",
       "GBPAUD       1.8654            -217      1.9004           -133         1.8871   \n",
       "GBPCHF       1.2400             -51      1.2570           -119         1.2451   \n",
       "\n",
       "        Relative_SL  RelativePrice_SL  Bed_av  Bud_av  Rel_avg  Rel_com_avg  \\\n",
       "Symbol                                                                        \n",
       "GBPCAD      15.1667            0.9944  0.5185  0.1622  14.6512       3.1975   \n",
       "GBPJPY      -8.3636            0.9792  2.0969 -1.1892  -8.0794      -1.7633   \n",
       "GBPNZD      -4.9070            0.9917  1.2023 -1.1622  -4.7402      -1.0345   \n",
       "GBPUSD       2.2549            0.9878  0.6553  1.3784   2.1783       0.4754   \n",
       "GBPAUD       1.6316            0.9816  1.2365  3.5946   1.5761       0.3440   \n",
       "GBPCHF       0.4286            0.9865  0.2906  3.2162   0.4140       0.0904   \n",
       "\n",
       "        Rel_p_avg  \n",
       "Symbol             \n",
       "GBPCAD     1.0076  \n",
       "GBPJPY     0.9922  \n",
       "GBPNZD     1.0049  \n",
       "GBPUSD     1.0010  \n",
       "GBPAUD     0.9946  \n",
       "GBPCHF     0.9996  "
      ]
     },
     "execution_count": 23,
     "metadata": {},
     "output_type": "execute_result"
    }
   ],
   "source": [
    "filter_quote.sort_values(by='Rel_avg', ascending=False, key=abs)"
   ]
  },
  {
   "cell_type": "code",
   "execution_count": 24,
   "metadata": {},
   "outputs": [
    {
     "data": {
      "text/html": [
       "<div>\n",
       "<style scoped>\n",
       "    .dataframe tbody tr th:only-of-type {\n",
       "        vertical-align: middle;\n",
       "    }\n",
       "\n",
       "    .dataframe tbody tr th {\n",
       "        vertical-align: top;\n",
       "    }\n",
       "\n",
       "    .dataframe thead th {\n",
       "        text-align: right;\n",
       "    }\n",
       "</style>\n",
       "<table border=\"1\" class=\"dataframe\">\n",
       "  <thead>\n",
       "    <tr style=\"text-align: right;\">\n",
       "      <th></th>\n",
       "      <th>Short_Price</th>\n",
       "      <th>Short_Distance</th>\n",
       "      <th>Long_Price</th>\n",
       "      <th>Long_Distance</th>\n",
       "      <th>Current_Price</th>\n",
       "      <th>Relative_SL</th>\n",
       "      <th>RelativePrice_SL</th>\n",
       "      <th>Bed_av</th>\n",
       "      <th>Bud_av</th>\n",
       "      <th>Rel_avg</th>\n",
       "      <th>Rel_com_avg</th>\n",
       "      <th>Rel_p_avg</th>\n",
       "    </tr>\n",
       "    <tr>\n",
       "      <th>Symbol</th>\n",
       "      <th></th>\n",
       "      <th></th>\n",
       "      <th></th>\n",
       "      <th></th>\n",
       "      <th></th>\n",
       "      <th></th>\n",
       "      <th></th>\n",
       "      <th></th>\n",
       "      <th></th>\n",
       "      <th></th>\n",
       "      <th></th>\n",
       "      <th></th>\n",
       "    </tr>\n",
       "  </thead>\n",
       "  <tbody>\n",
       "    <tr>\n",
       "      <th>GBPCAD</th>\n",
       "      <td>1.7240</td>\n",
       "      <td>-91</td>\n",
       "      <td>1.7337</td>\n",
       "      <td>-6</td>\n",
       "      <td>1.7331</td>\n",
       "      <td>15.1667</td>\n",
       "      <td>0.9944</td>\n",
       "      <td>0.5185</td>\n",
       "      <td>0.1622</td>\n",
       "      <td>14.6512</td>\n",
       "      <td>3.1975</td>\n",
       "      <td>1.0076</td>\n",
       "    </tr>\n",
       "    <tr>\n",
       "      <th>GBPJPY</th>\n",
       "      <td>152.2916</td>\n",
       "      <td>-368</td>\n",
       "      <td>155.5246</td>\n",
       "      <td>44</td>\n",
       "      <td>155.9690</td>\n",
       "      <td>-8.3636</td>\n",
       "      <td>0.9792</td>\n",
       "      <td>2.0969</td>\n",
       "      <td>-1.1892</td>\n",
       "      <td>-8.0794</td>\n",
       "      <td>-1.7633</td>\n",
       "      <td>0.9922</td>\n",
       "    </tr>\n",
       "    <tr>\n",
       "      <th>GBPNZD</th>\n",
       "      <td>2.0034</td>\n",
       "      <td>-211</td>\n",
       "      <td>2.0202</td>\n",
       "      <td>43</td>\n",
       "      <td>2.0245</td>\n",
       "      <td>-4.9070</td>\n",
       "      <td>0.9917</td>\n",
       "      <td>1.2023</td>\n",
       "      <td>-1.1622</td>\n",
       "      <td>-4.7402</td>\n",
       "      <td>-1.0345</td>\n",
       "      <td>1.0049</td>\n",
       "    </tr>\n",
       "    <tr>\n",
       "      <th>GBPUSD</th>\n",
       "      <td>1.3479</td>\n",
       "      <td>-115</td>\n",
       "      <td>1.3645</td>\n",
       "      <td>-51</td>\n",
       "      <td>1.3594</td>\n",
       "      <td>2.2549</td>\n",
       "      <td>0.9878</td>\n",
       "      <td>0.6553</td>\n",
       "      <td>1.3784</td>\n",
       "      <td>2.1783</td>\n",
       "      <td>0.4754</td>\n",
       "      <td>1.0010</td>\n",
       "    </tr>\n",
       "    <tr>\n",
       "      <th>GBPAUD</th>\n",
       "      <td>1.8654</td>\n",
       "      <td>-217</td>\n",
       "      <td>1.9004</td>\n",
       "      <td>-133</td>\n",
       "      <td>1.8871</td>\n",
       "      <td>1.6316</td>\n",
       "      <td>0.9816</td>\n",
       "      <td>1.2365</td>\n",
       "      <td>3.5946</td>\n",
       "      <td>1.5761</td>\n",
       "      <td>0.3440</td>\n",
       "      <td>0.9946</td>\n",
       "    </tr>\n",
       "    <tr>\n",
       "      <th>GBPCHF</th>\n",
       "      <td>1.2400</td>\n",
       "      <td>-51</td>\n",
       "      <td>1.2570</td>\n",
       "      <td>-119</td>\n",
       "      <td>1.2451</td>\n",
       "      <td>0.4286</td>\n",
       "      <td>0.9865</td>\n",
       "      <td>0.2906</td>\n",
       "      <td>3.2162</td>\n",
       "      <td>0.4140</td>\n",
       "      <td>0.0904</td>\n",
       "      <td>0.9996</td>\n",
       "    </tr>\n",
       "  </tbody>\n",
       "</table>\n",
       "</div>"
      ],
      "text/plain": [
       "        Short_Price  Short_Distance  Long_Price  Long_Distance  Current_Price  \\\n",
       "Symbol                                                                          \n",
       "GBPCAD       1.7240             -91      1.7337             -6         1.7331   \n",
       "GBPJPY     152.2916            -368    155.5246             44       155.9690   \n",
       "GBPNZD       2.0034            -211      2.0202             43         2.0245   \n",
       "GBPUSD       1.3479            -115      1.3645            -51         1.3594   \n",
       "GBPAUD       1.8654            -217      1.9004           -133         1.8871   \n",
       "GBPCHF       1.2400             -51      1.2570           -119         1.2451   \n",
       "\n",
       "        Relative_SL  RelativePrice_SL  Bed_av  Bud_av  Rel_avg  Rel_com_avg  \\\n",
       "Symbol                                                                        \n",
       "GBPCAD      15.1667            0.9944  0.5185  0.1622  14.6512       3.1975   \n",
       "GBPJPY      -8.3636            0.9792  2.0969 -1.1892  -8.0794      -1.7633   \n",
       "GBPNZD      -4.9070            0.9917  1.2023 -1.1622  -4.7402      -1.0345   \n",
       "GBPUSD       2.2549            0.9878  0.6553  1.3784   2.1783       0.4754   \n",
       "GBPAUD       1.6316            0.9816  1.2365  3.5946   1.5761       0.3440   \n",
       "GBPCHF       0.4286            0.9865  0.2906  3.2162   0.4140       0.0904   \n",
       "\n",
       "        Rel_p_avg  \n",
       "Symbol             \n",
       "GBPCAD     1.0076  \n",
       "GBPJPY     0.9922  \n",
       "GBPNZD     1.0049  \n",
       "GBPUSD     1.0010  \n",
       "GBPAUD     0.9946  \n",
       "GBPCHF     0.9996  "
      ]
     },
     "execution_count": 24,
     "metadata": {},
     "output_type": "execute_result"
    }
   ],
   "source": [
    "filter_quote.sort_values(by='Rel_com_avg', ascending=False, key=abs)"
   ]
  },
  {
   "cell_type": "code",
   "execution_count": 25,
   "metadata": {},
   "outputs": [
    {
     "data": {
      "text/html": [
       "<div>\n",
       "<style scoped>\n",
       "    .dataframe tbody tr th:only-of-type {\n",
       "        vertical-align: middle;\n",
       "    }\n",
       "\n",
       "    .dataframe tbody tr th {\n",
       "        vertical-align: top;\n",
       "    }\n",
       "\n",
       "    .dataframe thead th {\n",
       "        text-align: right;\n",
       "    }\n",
       "</style>\n",
       "<table border=\"1\" class=\"dataframe\">\n",
       "  <thead>\n",
       "    <tr style=\"text-align: right;\">\n",
       "      <th></th>\n",
       "      <th>Short_Price</th>\n",
       "      <th>Short_Distance</th>\n",
       "      <th>Long_Price</th>\n",
       "      <th>Long_Distance</th>\n",
       "      <th>Current_Price</th>\n",
       "      <th>Relative_SL</th>\n",
       "      <th>RelativePrice_SL</th>\n",
       "      <th>Bed_av</th>\n",
       "      <th>Bud_av</th>\n",
       "      <th>Rel_avg</th>\n",
       "      <th>Rel_com_avg</th>\n",
       "      <th>Rel_p_avg</th>\n",
       "    </tr>\n",
       "    <tr>\n",
       "      <th>Symbol</th>\n",
       "      <th></th>\n",
       "      <th></th>\n",
       "      <th></th>\n",
       "      <th></th>\n",
       "      <th></th>\n",
       "      <th></th>\n",
       "      <th></th>\n",
       "      <th></th>\n",
       "      <th></th>\n",
       "      <th></th>\n",
       "      <th></th>\n",
       "      <th></th>\n",
       "    </tr>\n",
       "  </thead>\n",
       "  <tbody>\n",
       "    <tr>\n",
       "      <th>GBPCAD</th>\n",
       "      <td>1.7240</td>\n",
       "      <td>-91</td>\n",
       "      <td>1.7337</td>\n",
       "      <td>-6</td>\n",
       "      <td>1.7331</td>\n",
       "      <td>15.1667</td>\n",
       "      <td>0.9944</td>\n",
       "      <td>0.5185</td>\n",
       "      <td>0.1622</td>\n",
       "      <td>14.6512</td>\n",
       "      <td>3.1975</td>\n",
       "      <td>1.0076</td>\n",
       "    </tr>\n",
       "    <tr>\n",
       "      <th>GBPNZD</th>\n",
       "      <td>2.0034</td>\n",
       "      <td>-211</td>\n",
       "      <td>2.0202</td>\n",
       "      <td>43</td>\n",
       "      <td>2.0245</td>\n",
       "      <td>-4.9070</td>\n",
       "      <td>0.9917</td>\n",
       "      <td>1.2023</td>\n",
       "      <td>-1.1622</td>\n",
       "      <td>-4.7402</td>\n",
       "      <td>-1.0345</td>\n",
       "      <td>1.0049</td>\n",
       "    </tr>\n",
       "    <tr>\n",
       "      <th>GBPUSD</th>\n",
       "      <td>1.3479</td>\n",
       "      <td>-115</td>\n",
       "      <td>1.3645</td>\n",
       "      <td>-51</td>\n",
       "      <td>1.3594</td>\n",
       "      <td>2.2549</td>\n",
       "      <td>0.9878</td>\n",
       "      <td>0.6553</td>\n",
       "      <td>1.3784</td>\n",
       "      <td>2.1783</td>\n",
       "      <td>0.4754</td>\n",
       "      <td>1.0010</td>\n",
       "    </tr>\n",
       "    <tr>\n",
       "      <th>GBPCHF</th>\n",
       "      <td>1.2400</td>\n",
       "      <td>-51</td>\n",
       "      <td>1.2570</td>\n",
       "      <td>-119</td>\n",
       "      <td>1.2451</td>\n",
       "      <td>0.4286</td>\n",
       "      <td>0.9865</td>\n",
       "      <td>0.2906</td>\n",
       "      <td>3.2162</td>\n",
       "      <td>0.4140</td>\n",
       "      <td>0.0904</td>\n",
       "      <td>0.9996</td>\n",
       "    </tr>\n",
       "    <tr>\n",
       "      <th>GBPAUD</th>\n",
       "      <td>1.8654</td>\n",
       "      <td>-217</td>\n",
       "      <td>1.9004</td>\n",
       "      <td>-133</td>\n",
       "      <td>1.8871</td>\n",
       "      <td>1.6316</td>\n",
       "      <td>0.9816</td>\n",
       "      <td>1.2365</td>\n",
       "      <td>3.5946</td>\n",
       "      <td>1.5761</td>\n",
       "      <td>0.3440</td>\n",
       "      <td>0.9946</td>\n",
       "    </tr>\n",
       "    <tr>\n",
       "      <th>GBPJPY</th>\n",
       "      <td>152.2916</td>\n",
       "      <td>-368</td>\n",
       "      <td>155.5246</td>\n",
       "      <td>44</td>\n",
       "      <td>155.9690</td>\n",
       "      <td>-8.3636</td>\n",
       "      <td>0.9792</td>\n",
       "      <td>2.0969</td>\n",
       "      <td>-1.1892</td>\n",
       "      <td>-8.0794</td>\n",
       "      <td>-1.7633</td>\n",
       "      <td>0.9922</td>\n",
       "    </tr>\n",
       "  </tbody>\n",
       "</table>\n",
       "</div>"
      ],
      "text/plain": [
       "        Short_Price  Short_Distance  Long_Price  Long_Distance  Current_Price  \\\n",
       "Symbol                                                                          \n",
       "GBPCAD       1.7240             -91      1.7337             -6         1.7331   \n",
       "GBPNZD       2.0034            -211      2.0202             43         2.0245   \n",
       "GBPUSD       1.3479            -115      1.3645            -51         1.3594   \n",
       "GBPCHF       1.2400             -51      1.2570           -119         1.2451   \n",
       "GBPAUD       1.8654            -217      1.9004           -133         1.8871   \n",
       "GBPJPY     152.2916            -368    155.5246             44       155.9690   \n",
       "\n",
       "        Relative_SL  RelativePrice_SL  Bed_av  Bud_av  Rel_avg  Rel_com_avg  \\\n",
       "Symbol                                                                        \n",
       "GBPCAD      15.1667            0.9944  0.5185  0.1622  14.6512       3.1975   \n",
       "GBPNZD      -4.9070            0.9917  1.2023 -1.1622  -4.7402      -1.0345   \n",
       "GBPUSD       2.2549            0.9878  0.6553  1.3784   2.1783       0.4754   \n",
       "GBPCHF       0.4286            0.9865  0.2906  3.2162   0.4140       0.0904   \n",
       "GBPAUD       1.6316            0.9816  1.2365  3.5946   1.5761       0.3440   \n",
       "GBPJPY      -8.3636            0.9792  2.0969 -1.1892  -8.0794      -1.7633   \n",
       "\n",
       "        Rel_p_avg  \n",
       "Symbol             \n",
       "GBPCAD     1.0076  \n",
       "GBPNZD     1.0049  \n",
       "GBPUSD     1.0010  \n",
       "GBPCHF     0.9996  \n",
       "GBPAUD     0.9946  \n",
       "GBPJPY     0.9922  "
      ]
     },
     "execution_count": 25,
     "metadata": {},
     "output_type": "execute_result"
    }
   ],
   "source": [
    "filter_quote.sort_values(by='Rel_p_avg', ascending=False, key=abs)"
   ]
  },
  {
   "cell_type": "code",
   "execution_count": 27,
   "metadata": {},
   "outputs": [
    {
     "data": {
      "text/plain": [
       "Short_Price           2.0034\n",
       "Short_Distance     -211.0000\n",
       "Long_Price            2.0202\n",
       "Long_Distance        43.0000\n",
       "Current_Price         2.0245\n",
       "Relative_SL          -4.9070\n",
       "RelativePrice_SL      0.9917\n",
       "Bed_av                1.2023\n",
       "Bud_av               -1.1622\n",
       "Rel_avg              -4.7402\n",
       "Rel_com_avg          -1.0345\n",
       "Rel_p_avg             1.0049\n",
       "Name: GBPNZD, dtype: float64"
      ]
     },
     "execution_count": 27,
     "metadata": {},
     "output_type": "execute_result"
    }
   ],
   "source": [
    "filter_quote.loc['GBPNZD']"
   ]
  }
 ],
 "metadata": {
  "interpreter": {
   "hash": "f286ef182e6b807cc2e221ecf258f633461edf1c89db486e38c7dc82ac81346f"
  },
  "kernelspec": {
   "display_name": "Python 3.7.9 ('env': venv)",
   "language": "python",
   "name": "python3"
  },
  "language_info": {
   "codemirror_mode": {
    "name": "ipython",
    "version": 3
   },
   "file_extension": ".py",
   "mimetype": "text/x-python",
   "name": "python",
   "nbconvert_exporter": "python",
   "pygments_lexer": "ipython3",
   "version": "3.7.9"
  },
  "orig_nbformat": 4
 },
 "nbformat": 4,
 "nbformat_minor": 2
}
